image: ahg-alley-scaled-edited.pgm
resolution: 0.020000
origin: [-23.60000, -65.520000, 0.000000]
negate: 0
occupied_thresh: 0.25
free_thresh: 0.196

