image: campus3.pgm
resolution: 0.020000
origin: [-20.880000, -73.120000, 0.000000]
negate: 0
occupied_thresh: 0.25
free_thresh: 0.196

