image: disaster_walls.pgm
resolution: 0.050000
origin: [-50.70000, -51, 0.000000]
negate: 0
occupied_thresh: 0.65
free_thresh: 0.196

