image: home_outdoor_rot.pgm
resolution: 0.050000
origin: [-14.000, -35.00000, 0.000000]
negate: 0
occupied_thresh: 0.65
free_thresh: 0.196
