image: home_outdoor_rot_1.pgm
resolution: 0.050000
origin: [-14.800, -34.00000, 0.000000]
negate: 0
occupied_thresh: 0.65
free_thresh: 0.196
